Id,Prediction
0,1224
1,3230
2,5241
3,2490
4,2423
5,14799
6,2161
7,5838
8,3223
9,1801
10,1466
11,1772
12,1805
13,14729
14,17600
15,1595
16,2362
17,1977
18,3150
19,3955
20,2058
21,1939
22,5202
23,6147
24,3626
25,2070
26,1863
27,1640
28,2523
29,5622
30,908
31,4315
32,2717
33,33502
34,1482
35,1320
36,2063
37,6241
38,1148
39,1947
40,1415
41,6062
42,874
43,2393
44,1192
45,2727
46,2308
47,2011
48,2483
49,1779
50,4661
51,3860
52,1425
53,4681
54,2100
55,13479
56,4218
57,1617
58,2399
59,3679
60,9205
61,3678
62,1282
63,1074
64,2427
65,1733
66,1182
67,3508
68,1130
69,1527
70,1943
71,5824
72,1596
73,2492
74,4257
75,1579
76,2433
77,2881
78,1037
79,4081
80,3794
81,4281
82,3066
83,1501
84,3454
85,2425
86,5677
87,1170
88,3010
89,2740
90,2132
91,1836
92,1857
93,2393
94,1902
95,2169
96,4542
97,5035
98,3107
99,2206
100,3038
101,1828
102,10986
103,4738
104,1382
105,4101
106,10242
107,3626
108,1335
109,2293
110,2345
111,2181
112,1106
113,6163
114,1237
115,1643
116,1632
117,3447
118,993
119,3042
120,1362
121,1876
122,878
123,1804
124,2329
125,3097
126,3210
127,3581
128,2081
129,4057
130,1104
131,11629
132,4710
133,1182
134,2358
135,2362
136,2877
137,1634
138,1778
139,5567
140,1910
141,1565
142,19459
143,1545
144,1660
145,2239
146,2121
147,2376
148,4595
149,2138
150,3279
151,2845
152,2486
153,14755
154,4099
155,3328
156,7100
157,4937
158,2049
159,2448
160,3752
161,5731
162,1836
163,3045
164,15817
165,1859
166,14165
167,3974
168,4779
169,3222
170,9312
171,2762
172,2601
173,3622
174,1359
175,2507
176,1568
177,2412
178,2192
179,5653
180,4713
181,2657
182,9202
183,1618
184,2062
185,1166
186,1051
187,1531
188,3284
189,6608
190,1914
191,2984
192,1764
193,1357
194,9692
195,2641
196,2688
197,2740
198,2682
199,7365
200,1351
201,2083
202,1261
203,1999
204,2126
205,2215
206,3002
207,2249
208,4645
209,3034
210,4755
211,3012
212,3209
213,1856
214,1389
215,1113
216,2014
217,1456
218,1984
219,2295
220,3902
221,3246
222,2209
223,3404
224,1174
225,3623
226,8901
227,4132
228,3184
229,4815
230,2654
231,1113
232,3544
233,897
234,2531
235,1930
236,2376
237,5582
238,2934
239,7968
240,2888
241,3631
242,5091
243,1406
244,1658
245,1617
246,2021
247,14212
248,2732
249,1209
250,6274
251,2700
252,2245
253,4282
254,2736
255,1746
256,1312
257,1789
258,1330
259,13585
260,1794
261,7902
262,4053
263,4583
264,2227
265,3045
266,15972
267,1568
268,2229
269,5755
270,1865
271,1752
272,1649
273,1435
274,2365
275,7973
276,3671
277,2333
278,3000
279,2571
280,2303
281,2232
282,12417
283,2948
284,24932
285,1752
286,30378
287,1021
288,3424
289,3201
290,4233
291,7925
292,2604
293,2014
294,4264
295,2504
296,4201
297,1877
298,2323
299,1003
300,8332
301,2311
302,3921
303,3642
304,2828
305,2882
306,3341
307,3677
308,5200
309,4142
310,3622
311,7751
312,37719
313,2204
314,1320
315,1133
316,4250
317,1662
318,1373
319,1775
320,4051
321,1937
322,2128
323,6332
324,1183
325,10543
326,3421
327,1907
328,1472
329,2781
330,2717
331,1371
332,3672
333,1447
334,2887
335,5331
336,6011
337,1004
338,2768
339,3747
340,3908
341,1614
342,3667
343,1476
344,1797
345,31683
346,7127
347,1310
348,2490
349,1620
350,3225
351,2429
352,5046
353,1343
354,4637
355,2874
356,4592
357,1621
358,2215
359,2496
360,3108
361,1648
362,1834
363,2071
364,1381
365,2330
366,1094
367,5679
368,2313
369,2357
370,2155
371,1912
372,2797
373,1555
374,1484
375,2706
376,12803
377,2127
378,23443
379,1677
380,2881
381,1138
382,1514
383,1953
384,3237
385,1054
386,1367
387,1501
388,2534
389,5209
390,4449
391,9652
392,5102
393,2000
394,1966
395,2569
396,1347
397,4335
398,2933
399,4572
400,1898
401,28646
402,4871
403,2625
404,3912
405,29733
406,1854
407,3081
408,1807
409,1480
410,3726
411,1054
412,4068
413,2076
414,13641
415,1265
416,3567
417,2101
418,2262
419,1577
420,1961
421,12218
422,4020
423,912
424,3825
425,1466
426,2864
427,2052
428,5990
429,33191
430,2040
431,3845
432,4422
433,1253
434,1317
435,24107
436,1152
437,12702
438,3261
439,1317
440,3591
441,1142
442,1050
443,2218
444,5114
445,1111
446,3488
447,5268
448,1776
449,1766
450,1673
451,3829
452,12768
453,1169
454,5415
455,2464
456,1763
457,3941
458,2768
459,15225
460,5330
461,4290
462,2341
463,1688
464,5045
465,1379
466,2260
467,3211
468,1861
469,1588
470,2009
471,2243
472,2122
473,3892
474,18841
475,1163
476,2381
477,1201
478,3849
479,1348
480,3225
481,2300
482,2745
483,2396
484,4609
485,1507
486,1913
487,2521
488,4227
489,2093
490,2311
491,1485
492,1600
493,2570
494,1124
495,3289
496,2443
497,1376
498,3698
499,3523
500,2211
501,8188
502,1409
503,7090
504,16453
505,2158
506,2761
507,3091
508,4514
509,37502
510,2836
511,5311
512,3306
513,14552
514,13444
515,2714
516,2488
517,2702
518,12803
519,2684
520,1100
521,4931
522,822
523,5327
524,2506
525,3397
526,1976
527,2626
528,8939
529,10782
530,4449
531,8974
532,2282
533,2317
534,3759
535,2767
536,19267
537,2556
538,6927
539,6612
540,1422
541,9397
542,15484
543,1903
544,3021
545,2296
546,2097
547,12287
548,2520
549,3001
550,11441
551,5055
552,3550
553,14881
554,2910
555,6906
556,1179
557,1673
558,1771
559,8102
560,1010
561,1560
562,2778
563,1703
564,5093
565,13101
566,11391
567,2535
568,1859
569,18375
570,2014
571,1429
572,7655
573,7713
574,1363
575,1755
576,4632
577,2166
578,8997
579,1449
580,4621
581,4741
582,2224
583,8729
584,1655
585,3496
586,3035
587,2151
588,1530
589,1544
590,8072
591,3610
592,1328
593,8604
594,16512
595,3124
596,2151
597,2081
598,2763
599,2708
600,2358
601,1382
602,1445
603,4828
604,20131
605,8556
606,4010
607,4198
608,2262
609,2112
610,9204
611,1350
612,3386
613,2595
614,4391
615,16062
616,1742
617,12155
618,3286
619,1573
620,7228
621,5565
622,2140
623,2933
624,5843
625,3402
626,3927
627,7379
628,2354
629,1520
630,1440
631,3079
632,11005
633,2674
634,3552
635,1840
636,2629
637,1555
638,3145
639,5914
640,1097
641,1596
642,2646
643,2918
644,3324
645,1833
646,1910
647,2476
648,9082
649,1151
650,2875
651,1293
652,11781
653,1941
654,2005
655,2474
656,3523
657,6284
658,1521
659,5113
660,1307
661,3654
662,3288
663,5910
664,1989
665,2358
666,3857
667,2130
668,1691
669,3411
670,8462
671,9289
672,4786
673,2614
674,1466
675,4284
676,4032
677,2459
678,2686
679,1840
680,3581
681,4649
682,1333
683,2983
684,2112
685,2931
686,3111
687,5398
688,8232
689,1753
690,1725
691,4061
692,2651
693,3461
694,8952
695,4140
696,1017
697,13023
698,2106
699,2421
700,2898
701,3809
702,14972
703,1994
704,2216
705,1900
706,887
707,1144
708,3246
709,2270
710,955
711,5142
712,1168
713,2858
714,1361
715,1649
716,1881
717,1002
718,1181
719,1349
720,1890
721,4385
722,3383
723,8039
724,4651
725,5014
726,5377
727,1581
728,1837
729,3994
730,4850
731,2332
732,1701
733,2071
734,3455
735,2777
736,2156
737,2489
738,3252
739,1583
740,3977
741,2895
742,3267
743,8109
744,3495
745,2821
746,3127
747,2835
748,2243
749,2165
750,2444
751,2443
752,1107
753,1193
754,2519
755,5540
756,3565
757,4543
758,2903
759,2344
760,2144
761,2357
762,9228
763,2123
764,1792
765,2485
766,2147
767,2508
768,4664
769,3089
770,2018
771,1799
772,1324
773,1613
774,4911
775,2191
776,1678
777,1329
778,1550
779,3025
780,2039
781,3530
782,1380
783,2861
784,1917
785,1775
786,1653
787,1505
788,2153
789,2191
790,2598
791,2830
792,1938
793,1172
794,15491
795,1792
796,4124
797,2212
798,1618
799,2791
800,15283
801,1803
802,4659
803,1678
804,18960
805,1422
806,1689
807,8948
808,2577
809,1717
810,2246
811,3307
812,867
813,3099
814,2067
815,2802
816,4088
817,2001
818,5480
819,1262
820,1918
821,10837
822,5582
823,1870
824,1108
825,1874
826,2228
827,1344
828,3124
829,2172
830,5491
831,1482
832,3791
833,3048
834,1985
835,1571
836,2201
837,1261
838,980
839,1852
840,2672
841,4751
842,5494
843,1345
844,4213
845,2467
846,2127
847,3941
848,1251
849,2278
850,18950
851,2115
852,12890
853,6318
854,1864
855,1978
856,1194
857,4638
858,1804
859,5797
860,2672
861,3831
862,1153
863,1480
864,1048
865,1192
866,6468
867,3175
868,13867
869,1775
870,2154
871,3761
872,2143
873,3565
874,2730
875,3655
876,1441
877,1579
878,7339
879,2034
880,3087
881,2268
882,4925
883,7291
884,2619
885,2374
886,8145
887,1993
888,2997
889,10364
890,8960
891,12081
892,1644
893,3309
894,4073
895,988
896,7200
897,2869
898,7649
899,3741
900,2392
901,1572
902,18366
903,4932
904,7712
905,1418
906,3371
907,1237
908,5189
909,2519
910,1658
911,1985
912,2241
913,1991
914,3373
915,1947
916,2526
917,1447
918,2761
919,5002
920,2991
921,7185
922,4040
923,2228
924,2297
925,1875
926,2964
927,6610
928,1755
929,2907
930,11951
931,2163
932,3312
933,1427
934,1457
935,1545
936,1848
937,4295
938,3881
939,7442
940,12009
941,1231
942,1720
943,2819
944,1057
945,5654
946,1053
947,4073
948,1346
949,4951
950,7727
951,28422
952,4117
953,1047
954,20760
955,1908
956,4245
957,10530
958,3039
959,1406
960,2215
961,2313
962,2091
963,1248
964,5783
965,2324
966,3206
967,2246
968,1775
969,3707
970,5851
971,1475
972,2666
973,3649
974,4296
975,5347
976,1381
977,1226
978,2689
979,1319
980,1116
981,1226
982,4474
983,3295
984,1251
985,1099
986,5747
987,1118
988,2953
989,844
990,6850
991,2007
992,2475
993,2359
994,3852
995,1646
996,4541
997,985
998,3922
999,1770
1000,1437
1001,2154
1002,1863
1003,2399
1004,2052
1005,1146
1006,3098
1007,1734
1008,1381
1009,1254
1010,1537
1011,1717
1012,2766
1013,1149
1014,2614
1015,2266
1016,1051
1017,904
1018,1670
1019,2001
1020,1398
1021,2640
1022,2486
1023,2072
1024,1226
1025,2209
1026,3140
1027,10621
1028,3252
1029,4072
1030,2081
1031,4020
1032,9660
1033,2688
1034,2987
1035,3344
1036,1099
1037,2682
1038,1334
1039,5480
1040,1569
1041,1804
1042,3401
1043,1886
1044,1048
1045,1476
1046,1516
1047,10362
1048,2044
1049,10262
1050,3972
1051,4760
1052,1342
1053,3571
1054,2470
1055,4046
1056,2037
1057,2380
1058,2378
1059,3022
1060,2875
1061,4427
1062,1451
1063,3062
1064,1325
1065,3518
1066,1423
1067,2811
1068,2636
1069,6138
1070,1157
1071,2004
1072,1647
1073,1727
1074,3212
1075,12884
1076,3042
1077,2822
1078,1959
1079,2913
1080,8151
1081,2811
1082,6490
1083,2624
1084,3466
1085,2783
1086,8190
1087,2668
1088,2593
1089,2391
1090,18295
1091,1525
1092,5575
1093,4891
1094,5024
1095,4059
1096,1114
1097,2313
1098,1302
1099,4853
1100,2005
1101,2748
1102,1291
1103,2992
1104,1832
1105,6871
1106,2150
1107,3009
1108,3433
1109,4071
1110,1988
1111,2982
1112,2773
1113,3186
1114,5993
1115,5163
1116,2238
1117,2932
1118,4656
1119,4531
1120,2035
1121,4561
1122,6120
1123,4158
1124,1713
1125,1532
1126,4698
1127,2043
1128,4211
1129,2875
1130,1706
1131,3572
1132,1024
1133,1316
1134,5706
1135,5502
1136,4161
1137,3143
1138,1322
1139,2308
1140,9212
1141,2543
1142,2534
1143,2800
1144,4644
1145,2734
1146,1432
1147,2752
1148,2332
1149,1865
1150,1838
1151,979
1152,2005
1153,3123
1154,2621
1155,2891
1156,2361
1157,1646
1158,2128
1159,1435
1160,2327
1161,4777
1162,2570
1163,1466
1164,1912
1165,2961
1166,1466
1167,1294
1168,1717
1169,1953
1170,20211
1171,5434
1172,2167
1173,9753
1174,4935
1175,1090
1176,1300
1177,10971
1178,3955
1179,1515
1180,3792
1181,1269
1182,5013
1183,3974
1184,2876
1185,5049
1186,5102
1187,1752
1188,1657
1189,3842
1190,2545
1191,955
1192,3242
1193,3389
1194,2367
1195,2917
1196,4813
1197,8687
1198,2815
1199,2212
1200,3149
1201,948
1202,1273
1203,1823
1204,3147
1205,4353
1206,1637
1207,4147
1208,8423
1209,3487
1210,1759
1211,1772
1212,3401
1213,4306
1214,3882
1215,2291
1216,4052
1217,12350
1218,2051
1219,3469
1220,915
1221,5892
1222,4056
1223,2131
1224,2027
1225,1684
1226,2930
1227,1216
1228,3422
1229,8431
1230,6823
1231,1694
1232,2335
1233,11899
1234,1026
1235,2318
1236,3292
1237,6642
1238,2132
1239,2005
1240,2054
1241,1310
1242,1069
1243,1652
1244,2180
1245,3411
1246,1511
1247,2274
1248,3200
1249,2193
1250,1890
1251,6863
1252,1958
1253,1396
1254,1260
1255,2243
1256,2771
1257,2245
1258,3524
1259,6463
1260,1715
1261,3428
1262,3002
1263,996
1264,4012
1265,2927
1266,2256
1267,4512
1268,2841
1269,4243
1270,3165
1271,5155
1272,1582
1273,1126
1274,20001
1275,1181
1276,12543
1277,16352
1278,1362
1279,3782
1280,8509
1281,1302
1282,1518
1283,10833
1284,6253
1285,1370
1286,4256
1287,2308
1288,2227
1289,3621
1290,1609
1291,1963
1292,1329
1293,1891
1294,1675
1295,1939
1296,2014
1297,1081
1298,1662
1299,1909
1300,2940
1301,2112
1302,11238
1303,7316
1304,1934
1305,2159
1306,1103
1307,999
1308,995
1309,2167
1310,1287
1311,1399
1312,5132
1313,2995
1314,5411
1315,1178
1316,2213
1317,5351
1318,4006
1319,4485
1320,2572
1321,4801
1322,1853
1323,2801
1324,2707
1325,1882
1326,1896
1327,1056
1328,1140
1329,3936
1330,3384
1331,2481
1332,24267
1333,2883
1334,5015
1335,3366
1336,1748
1337,3799
1338,1412
1339,2347
1340,4994
1341,5610
1342,1455
1343,2587
1344,3052
1345,1288
1346,7431
1347,1624
1348,1464
1349,1813
1350,2091
1351,1779
1352,2742
1353,1891
1354,1976
1355,2694
1356,1481
1357,2586
1358,1743
1359,3195
1360,4061
1361,3299
1362,2926
1363,1522
1364,845
1365,3430
1366,3912
1367,4320
1368,4683
1369,1732
1370,3887
1371,3304
1372,2891
1373,8491
1374,2954
1375,3202
1376,4944
1377,7748
1378,3712
1379,1659
1380,1471
1381,1568
1382,3685
1383,2098
1384,5712
1385,1842
1386,5581
1387,1862
1388,3333
1389,3196
1390,4771
1391,6231
1392,3011
1393,6565
1394,5477
1395,4725
1396,10887
1397,11582
1398,1793
1399,12063
1400,1816
1401,1431
1402,6262
1403,4712
1404,6631
1405,1919
1406,1372
1407,4496
1408,2378
1409,1856
1410,11094
1411,2837
1412,1888
1413,1512
1414,1218
1415,2787
1416,11870
1417,3080
1418,3711
1419,4677
1420,1730
1421,2093
1422,1986
1423,2591
1424,3553
1425,2783
1426,2896
1427,4662
1428,3190
1429,3016
1430,1213
1431,11901
1432,1199
1433,6502
1434,4850
1435,2935
1436,3213
1437,4090
1438,1592
1439,7237
1440,9814
1441,3667
1442,3182
1443,2558
1444,1751
1445,2149
1446,2109
1447,2383
1448,1089
1449,6571
1450,1806
1451,1966
1452,1908
1453,1534
1454,2701
1455,2699
1456,1489
1457,1447
1458,2671
1459,2494
1460,2116
1461,3521
1462,3182
1463,16062
1464,1288
1465,2463
1466,1518
1467,3969
1468,1258
1469,7149
1470,1853
1471,3575
1472,4442
1473,2431
1474,3985
1475,2692
1476,1341
1477,1725
1478,3213
1479,2218
1480,4693
1481,8119
1482,1080
1483,1729
1484,1923
1485,1735
1486,2300
1487,2396
1488,2545
1489,1146
1490,8530
1491,2483
1492,4784
1493,2312
1494,4075
1495,3057
1496,3629
1497,1171
1498,1069
1499,8952
1500,1715
1501,9590
1502,8302
1503,1754
1504,3592
1505,4376
1506,4309
1507,2045
1508,2398
1509,3399
1510,1094
1511,1465
1512,3175
1513,1544
1514,1864
1515,1594
1516,1588
1517,1354
1518,2590
1519,5569
1520,2274
1521,3267
1522,1675
1523,1514
1524,2870
1525,2847
1526,2995
1527,2534
1528,5889
1529,2127
1530,3960
1531,12776
1532,1349
1533,1210
1534,2801
1535,4176
1536,2050
1537,7005
1538,1486
1539,1754
1540,2047
1541,937
1542,1368
1543,23595
1544,2886
1545,2132
1546,5013
1547,1210
1548,1922
1549,2173
1550,4703
1551,5711
1552,2139
1553,4118
1554,1588
1555,1807
1556,2073
1557,15234
1558,2184
1559,2162
1560,2514
1561,8452
1562,4992
1563,1713
1564,8836
1565,1467
1566,1867
1567,1375
1568,11601
1569,1797
1570,1721
1571,2209
1572,8388
1573,1785
1574,2202
1575,4437
1576,1631
1577,6988
1578,3992
1579,2681
1580,5672
1581,1074
1582,3379
1583,4174
1584,2964
1585,3553
1586,1396
1587,4588
1588,3659
1589,1542
1590,3255
1591,1665
1592,4715
1593,1712
1594,5842
1595,772
1596,12726
1597,6571
1598,1738
1599,5841
1600,9525
1601,1943
1602,3034
1603,1809
1604,2135
1605,8003
1606,2066
1607,2302
1608,3427
1609,5938
1610,907
1611,1262
1612,2920
1613,2483
1614,5352
1615,4792
1616,1778
1617,1612
1618,6269
1619,1441
1620,2449
1621,1851
1622,1114
1623,2595
1624,3102
1625,2671
1626,2761
1627,1850
1628,2322
1629,5535
1630,1062
1631,2831
1632,5632
1633,2852
1634,1446
1635,2576
1636,6379
1637,2283
1638,2715
1639,3302
1640,2512
1641,9190
1642,1623
1643,2888
1644,2373
1645,4095
1646,1592
1647,1619
1648,8993
1649,8452
1650,3091
1651,2933
1652,4019
1653,3087
1654,1435
1655,3746
1656,2276
1657,1425
1658,1571
1659,1732
1660,3288
1661,1900
1662,3360
1663,5178
1664,11341
1665,14866
1666,2673
1667,1212
1668,4369
1669,2630
1670,2672
1671,3060
1672,1229
1673,3752
1674,2307
1675,2014
1676,2213
1677,1318
1678,15111
1679,2157
1680,2715
1681,5595
1682,1978
1683,1504
1684,17573
1685,4551
1686,2684
1687,4737
1688,1374
1689,4674
1690,1280
1691,1186
1692,2070
1693,2648
1694,2776
1695,8062
1696,22514
1697,1171
1698,812
1699,1426
1700,25294
1701,11312
1702,1136
1703,1498
1704,4940
1705,1534
1706,2087
1707,2951
1708,3626
1709,1715
1710,4342
1711,1571
1712,2097
1713,2179
1714,5120
1715,2201
1716,1675
1717,6856
1718,2341
1719,2547
1720,2722
1721,2759
1722,1927
1723,7340
1724,4873
1725,4095
1726,3988
1727,7225
1728,6251
1729,3186
1730,3650
1731,2111
1732,1129
1733,7638
1734,7369
1735,3474
1736,4991
1737,2975
1738,3810
1739,3119
1740,2482
1741,2112
1742,12424
1743,1778
1744,3640
1745,3571
1746,4581
1747,2972
1748,4382
1749,3479
1750,1027
1751,1352
1752,2413
1753,1728
1754,2640
1755,7166
1756,896
1757,2869
1758,6244
1759,3426
1760,6607
1761,18213
1762,1470
1763,1188
1764,2743
1765,1989
1766,1811
1767,897
1768,5577
1769,1161
1770,2081
1771,3185
1772,1110
1773,3254
1774,1975
1775,3565
1776,6110
1777,3360
1778,5180
1779,13440
1780,2375
1781,3510
1782,2592
1783,2872
1784,1366
1785,2384
1786,2616
1787,1464
1788,4304
1789,3841
1790,1056
1791,3471
1792,5954
1793,3323
1794,3309
1795,1062
1796,2072
1797,1827
1798,5069
1799,5016
1800,1404
1801,4459
1802,3138
1803,2383
1804,1949
1805,5182
1806,9298
1807,1220
1808,1576
1809,11462
1810,2550
1811,1681
1812,2497
1813,3085
1814,969
1815,6145
1816,2063
1817,17200
1818,2954
1819,9545
1820,2207
1821,2177
1822,1901
1823,12050
1824,1418
1825,4172
1826,31612
1827,6346
1828,2574
1829,1706
1830,3285
1831,2003
1832,3151
1833,3593
1834,4018
1835,1992
1836,1890
1837,2882
1838,3144
1839,1712
1840,3687
1841,2162
1842,15506
1843,4706
1844,3878
1845,4013
1846,3634
1847,3224
1848,1646
1849,16311
1850,1501
1851,4241
1852,2255
1853,4683
1854,1043
1855,2174
1856,12241
1857,1453
1858,2393
1859,1949
1860,1306
1861,1360
1862,3077
1863,3771
1864,2755
1865,6922
1866,9142
1867,1681
1868,5784
1869,1391
1870,1158
1871,5066
1872,5321
1873,9622
1874,4383
1875,3283
1876,4072
1877,1985
1878,15137
1879,2659
1880,4111
1881,1947
1882,2267
1883,8476
1884,1309
1885,2771
1886,3440
1887,3454
1888,3394
1889,2578
1890,3537
1891,1080
1892,3648
1893,2898
1894,5829
1895,2003
1896,2356
1897,2728
1898,1881
1899,3975
1900,5447
1901,1624
1902,5465
1903,1355
1904,1284
1905,3314
1906,4302
1907,27181
1908,1638
1909,2231
1910,4309
1911,3715
1912,1275
1913,1189
1914,1289
1915,1102
1916,2125
1917,4706
1918,1678
1919,1148
1920,5868
1921,3627
1922,1592
1923,1858
1924,3602
1925,2531
1926,9632
1927,2116
1928,2077
1929,2376
1930,862
1931,2055
1932,4662
1933,2087
1934,3512
1935,2294
1936,3650
1937,3662
1938,1858
1939,2164
1940,2839
1941,8111
1942,1355
1943,7603
1944,2390
1945,2469
1946,2080
1947,1584
1948,2654
1949,4961
1950,3251
1951,3191
1952,6267
1953,1491
1954,17609
1955,6627
1956,889
1957,4476
1958,3885
1959,5782
1960,1842
1961,3744
1962,2383
1963,1312
1964,6623
1965,1764
1966,2332
1967,2255
1968,9311
1969,2063
1970,3701
1971,17026
1972,2948
1973,2903
1974,6262
1975,3381
1976,1276
1977,3606
1978,2862
1979,2884
1980,1105
1981,3930
1982,1273
1983,4362
1984,1366
1985,3022
1986,7197
1987,5974
1988,4936
1989,3183
1990,2226
1991,2244
1992,5415
1993,5437
1994,5051
1995,2029
1996,835
1997,3090
1998,2772
1999,2219
